3 0.336928 0.371642 0.214200 0.061354
4 0.636700 0.372045 0.217429 0.065390
7 0.339081 0.428152 0.162533 0.058125
8 0.621631 0.428959 0.154999 0.056510
0 0.359532 0.464883 0.102256 0.015338
1 0.615173 0.468112 0.092569 0.013724
5 0.481163 0.466901 0.018298 0.066197
2 0.475243 0.663475 0.213123 0.068619
6 0.480625 0.540364 0.046571 0.034928
9 0.508611 0.273153 0.032291 0.024219
9 0.452639 0.316746 0.032860 0.024645
9 0.389133 0.295757 0.021202 0.015902
9 0.394515 0.240862 0.032003 0.024002
9 0.306252 0.261044 0.032790 0.024592
9 0.333161 0.304637 0.026278 0.019708
9 0.703436 0.342579 0.036660 0.027495
9 0.517222 0.356303 0.028069 0.021051
9 0.301946 0.500000 0.026278 0.019708
9 0.294411 0.532291 0.037658 0.028243
9 0.249203 0.552474 0.024356 0.018267
9 0.255662 0.603332 0.029281 0.021961
9 0.696978 0.632395 0.035308 0.026481
9 0.698054 0.567005 0.028962 0.021722
9 0.643159 0.573463 0.033627 0.025220
9 0.599027 0.673566 0.037162 0.027872
9 0.667915 0.599296 0.028962 0.021722
9 0.673297 0.618671 0.035308 0.026481
9 0.378907 0.497982 0.024757 0.039557
9 0.710432 0.596471 0.059201 0.075077
9 0.266426 0.638449 0.032291 0.033099
9 0.698054 0.298179 0.028882 0.021662