7 0.425926 0.106019 0.275926 0.160185
8 0.860185 0.277315 0.177778 0.119444
0 0.446296 0.194907 0.190741 0.069444
1 0.820833 0.332870 0.106481 0.099074
3 0.644444 0.028704 0.133333 0.057407
4 0.894444 0.117593 0.198148 0.118519
5 0.714815 0.287963 0.038889 0.151852
2 0.525000 0.721759 0.348148 0.225000
6 0.698148 0.424074 0.066383 0.066383
9 0.378704 0.474074 0.034146 0.034146
9 0.360185 0.516667 0.030654 0.030654
9 0.307407 0.342593 0.035136 0.035136
9 0.308333 0.385185 0.026708 0.026708
9 0.263889 0.524074 0.023570 0.023570
9 0.206481 0.556481 0.040062 0.040062
9 0.349074 0.799074 0.022376 0.022376
9 0.288889 0.760185 0.035765 0.035765
9 0.451852 0.905556 0.027342 0.027342
9 0.558333 0.922222 0.026514 0.026514
9 0.336111 0.858333 0.042310 0.042310
9 0.787963 0.580556 0.032394 0.032394
9 0.411111 0.485185 0.023204 0.023204
9 0.367593 0.746296 0.034941 0.034941