3 0.303022 0.287752 0.254026 0.070345
4 0.772862 0.301497 0.259408 0.071962
7 0.315401 0.417122 0.205589 0.049322
8 0.749182 0.428038 0.192672 0.045280
0 0.341234 0.465232 0.108714 0.050131
1 0.718505 0.479382 0.086110 0.052557
5 0.544670 0.440975 0.035521 0.101879
2 0.520989 0.755911 0.358435 0.112390
6 0.552743 0.561451 0.062430 0.046897
9 0.817532 0.207300 0.032860 0.024684
9 0.792775 0.172531 0.035044 0.026325
9 0.591492 0.362544 0.028069 0.021085
9 0.568888 0.908325 0.039519 0.029687
9 0.446181 0.878408 0.034038 0.025569
9 0.505382 0.246111 0.029984 0.022524
9 0.654999 0.246111 0.037037 0.027822
9 0.498924 0.184660 0.018519 0.013911
9 0.541979 0.146657 0.033696 0.025312
9 0.885344 0.246919 0.023778 0.017862
9 0.518298 0.339904 0.037658 0.028288
9 0.544132 0.203257 0.007762 0.005831
9 0.501615 0.077929 0.078576 0.046897
9 0.574270 0.852534 0.116249 0.071154
9 0.599565 0.328180 0.052743 0.025065
9 0.865969 0.641499 0.020309 0.015256