9 0.614895 0.518585 0.025368 0.020696
3 0.707009 0.291116 0.200075 0.070301
4 0.894208 0.289500 0.061409 0.044443
7 0.677790 0.370710 0.169371 0.072726
8 0.887274 0.361822 0.075276 0.069493
0 0.703047 0.418790 0.085181 0.025050
1 0.883808 0.408689 0.050514 0.019393
2 0.814970 0.641411 0.160456 0.101816
5 0.837751 0.416366 0.037638 0.065453
6 0.882322 0.498384 0.039619 0.032322
9 0.467314 0.466869 0.038104 0.031087
9 0.621828 0.570301 0.032790 0.026752
9 0.548533 0.592927 0.023936 0.019528
9 0.585181 0.592119 0.017718 0.014455
9 0.544571 0.527474 0.018688 0.015246
9 0.596076 0.682622 0.022586 0.018427
9 0.744647 0.758580 0.017718 0.014455
9 0.785256 0.720601 0.015086 0.012308
9 0.775351 0.571917 0.023102 0.018847
9 0.803084 0.750499 0.015971 0.013030
9 0.447505 0.646259 0.027591 0.022510
9 0.653523 0.553332 0.028363 0.023139
9 0.506933 0.554140 0.022148 0.018069
9 0.571314 0.546059 0.014007 0.011428
9 0.602019 0.537979 0.026944 0.021982
9 0.556457 0.562221 0.024821 0.020250