3 0.362622 0.097940 0.258160 0.099030
4 0.618938 0.047105 0.112484 0.087146
7 0.371842 0.235921 0.171492 0.113554
8 0.627236 0.161319 0.118016 0.096389
0 0.400424 0.303922 0.099576 0.067340
1 0.633690 0.228659 0.084824 0.056777
5 0.566845 0.260349 0.052554 0.112233
2 0.574221 0.688816 0.192698 0.192777
6 0.613406 0.408893 0.038899 0.055707
9 0.512908 0.601670 0.031402 0.044971
9 0.659506 0.493398 0.032676 0.046795
9 0.307302 0.606952 0.030018 0.042989
9 0.185598 0.646564 0.032831 0.047018
9 0.249216 0.740312 0.027413 0.039258
9 0.582980 0.888196 0.022205 0.031799
9 0.358012 0.816894 0.038015 0.054441
9 0.240918 0.344194 0.024043 0.034432
9 0.649364 0.411534 0.018440 0.026408
9 0.426240 0.451145 0.024602 0.035232
9 0.227088 0.418136 0.024043 0.034432
9 0.437304 0.769360 0.024043 0.034432
9 0.397658 0.742952 0.034646 0.049616
9 0.312834 0.531689 0.019252 0.027571