7 0.350612 0.415895 0.120701 0.076058
8 0.530423 0.461089 0.085152 0.067240
6 0.460565 0.569665 0.038065 0.050753
5 0.461806 0.472663 0.019015 0.092593
1 0.529183 0.504078 0.072751 0.045194
0 0.358466 0.471010 0.070271 0.049603
2 0.398148 0.746583 0.172784 0.126764
9 0.228671 0.438492 0.009094 0.013228
9 0.204282 0.619819 0.014881 0.029762
9 0.548611 0.609347 0.007440 0.022046
9 0.217923 0.547619 0.020668 0.030864
9 0.225364 0.485891 0.012401 0.026455
9 0.384094 0.636354 0.010747 0.016534
9 0.231978 0.562500 0.020668 0.031966